2018-11-09, 6, 3, 3
2018-11-10, 1, 0, 1
2018-11-11, 5, 3, 2
2018-11-12, 3, 0, 3
2018-11-13, 12, 7, 5
2018-11-14, 8, 4, 4
2018-11-15, 6, 6, 0
2018-11-16, 8, 4, 4
2018-11-17, 4, 0, 4
2018-11-18, 3, 0, 3
2018-11-19, 6, 6, 0
2018-11-20, 11, 6, 5
2018-11-21, 9, 5, 4
2018-11-22, 7, 5, 2
2018-11-24, 1, 1, 0
2018-11-25, 5, 5, 0
2018-11-26, 12, 12, 0
2018-11-27, 17, 10, 7
2018-11-28, 8, 5, 3
2018-11-29, 8, 6, 2
2018-11-30, 4, 1, 3
2018-12-01, 3, 3, 0
2018-12-02, 7, 0, 7
2018-12-03, 6, 4, 2
2018-12-04, 3, 2, 1
2018-12-05, 5, 3, 2
2018-12-06, 6, 4, 2
2018-12-07, 13, 11, 2
2018-12-08, 9, 5, 4
2018-12-10, 9, 6, 3
2018-12-11, 5, 3, 2
2018-12-12, 5, 3, 2
2018-12-13, 16, 11, 5
2018-12-14, 1, 1, 0
2018-12-15, 5, 1, 4
2018-12-16, 2, 2, 0
2018-12-17, 8, 8, 0
2018-12-18, 6, 6, 0
2018-12-19, 13, 4, 9
2018-12-20, 7, 4, 3
2018-12-21, 9, 4, 5
2018-12-22, 1, 1, 0
2018-12-24, 2, 0, 2
2018-12-26, 3, 2, 1
2018-12-27, 9, 7, 2
2018-12-28, 5, 5, 0
2018-12-29, 4, 4, 0
2018-12-30, 3, 3, 0
2018-12-31, 3, 3, 0
2019-01-01, 7, 6, 1
2019-01-02, 7, 3, 4
2019-01-03, 20, 6, 14
2019-01-04, 4, 3, 1
2019-01-05, 7, 1, 6
2019-01-06, 8, 2, 6
2019-01-07, 3, 3, 0
2019-01-08, 12, 11, 1
2019-01-09, 5, 3, 2
2019-01-10, 11, 6, 5
2019-01-11, 11, 5, 6
2019-01-12, 1, 0, 1
2019-01-14, 7, 4, 3
2019-01-15, 11, 11, 0
2019-01-16, 4, 0, 4
2019-01-17, 7, 7, 0
2019-01-18, 9, 3, 6
2019-01-19, 4, 0, 4
2019-01-20, 5, 3, 2
2019-01-21, 2, 0, 2
2019-01-22, 11, 6, 5
2019-01-24, 6, 4, 2
2019-01-25, 9, 2, 7
2019-01-26, 1, 0, 1
2019-01-27, 2, 1, 1
2019-01-28, 10, 7, 3
2019-01-29, 8, 2, 6
2019-01-30, 10, 4, 6
2019-01-31, 9, 5, 4
2019-02-01, 4, 3, 1
2019-02-02, 6, 2, 4
2019-02-03, 10, 7, 3
2019-02-04, 8, 3, 5
2019-02-05, 11, 5, 6
2019-02-06, 6, 3, 3
2019-02-07, 6, 3, 3
2019-02-08, 1, 1, 0
2019-02-09, 3, 0, 3
2019-02-10, 2, 0, 2
2019-02-11, 2, 1, 1
2019-02-12, 4, 2, 2
2019-02-13, 5, 0, 5
2019-02-14, 8, 4, 4
2019-02-15, 11, 4, 7
2019-02-16, 13, 12, 1
2019-02-17, 8, 8, 0
2019-02-18, 3, 3, 0
2019-02-19, 5, 4, 1
2019-02-20, 9, 4, 5
2019-02-21, 4, 1, 3
2019-02-22, 6, 1, 5
2019-02-23, 4, 2, 2
2019-02-24, 5, 3, 2
2019-02-25, 6, 0, 6
2019-02-26, 5, 2, 3
2019-02-27, 3, 1, 2
2019-02-28, 3, 1, 2
2019-03-01, 3, 2, 1
2019-03-03, 2, 2, 0
2019-03-04, 2, 2, 0
2019-03-05, 3, 1, 2
2019-03-06, 9, 6, 3
2019-03-07, 3, 2, 1
2019-03-08, 5, 1, 4
2019-03-09, 3, 2, 1
2019-03-10, 7, 4, 3
2019-03-11, 7, 3, 4
2019-03-12, 18, 13, 5
2019-03-13, 11, 9, 2
2019-03-14, 5, 1, 4
2019-03-15, 13, 12, 1
2019-03-16, 6, 6, 0
2019-03-17, 10, 3, 7
2019-03-18, 6, 4, 2
2019-03-19, 9, 9, 0
2019-03-20, 14, 7, 7
2019-03-21, 2, 1, 1
2019-03-22, 5, 3, 2
2019-03-23, 1, 0, 1
2019-03-24, 5, 4, 1
2019-03-25, 8, 6, 2
2019-03-26, 14, 4, 10
2019-03-27, 15, 8, 7
2019-03-28, 12, 8, 4
2019-03-29, 7, 5, 2
2019-03-30, 2, 0, 2
2019-03-31, 1, 0, 1
2019-04-01, 12, 12, 0
2019-04-02, 10, 6, 4
2019-04-03, 3, 0, 3
2019-04-04, 10, 10, 0
2019-04-05, 14, 8, 6
2019-04-06, 9, 1, 8
2019-04-07, 1, 1, 0
2019-04-08, 6, 2, 4
2019-04-09, 5, 2, 3
2019-04-10, 12, 9, 3
2019-04-11, 4, 0, 4
2019-04-12, 15, 8, 7
2019-04-13, 13, 13, 0
2019-04-14, 5, 5, 0
2019-04-15, 5, 1, 4
2019-04-16, 12, 3, 9
2019-04-17, 4, 0, 4
2019-04-18, 14, 6, 8
2019-04-19, 9, 7, 2
2019-04-20, 2, 0, 2
2019-04-21, 1, 1, 0
2019-04-22, 1, 1, 0
2019-04-23, 5, 1, 4
2019-04-24, 7, 3, 4
2019-04-25, 10, 3, 7
2019-04-26, 14, 9, 5
2019-04-27, 5, 2, 3
2019-04-29, 6, 2, 4
2019-04-30, 4, 1, 3
2019-05-01, 3, 1, 2
2019-05-02, 12, 8, 4
2019-05-03, 9, 8, 1
2019-05-04, 6, 4, 2
2019-05-05, 7, 3, 4
2019-05-06, 8, 6, 2
2019-05-07, 5, 3, 2
2019-05-08, 4, 3, 1
2019-05-09, 8, 2, 6
2019-05-10, 5, 2, 3
2019-05-11, 1, 1, 0
2019-05-12, 5, 0, 5
2019-05-13, 2, 2, 0
2019-05-14, 7, 4, 3
2019-05-15, 7, 2, 5
2019-05-16, 6, 2, 4
2019-05-17, 6, 2, 4
2019-05-18, 5, 5, 0
2019-05-19, 3, 2, 1
2019-05-20, 8, 3, 5
2019-05-21, 2, 0, 2
2019-05-22, 12, 9, 3
2019-05-23, 4, 4, 0
2019-05-24, 4, 4, 0
2019-05-25, 3, 3, 0
2019-05-26, 1, 0, 1
2019-05-27, 1, 1, 0
2019-05-28, 2, 1, 1
2019-05-29, 1, 0, 1
2019-05-30, 6, 4, 2
2019-05-31, 2, 2, 0
2019-06-01, 5, 0, 5
2019-06-03, 4, 0, 4
2019-06-04, 5, 2, 3
2019-06-05, 4, 0, 4
2019-06-06, 4, 3, 1
2019-06-07, 7, 5, 2
2019-06-09, 4, 2, 2
2019-06-10, 5, 1, 4
2019-06-11, 9, 5, 4
2019-06-12, 3, 3, 0
2019-06-13, 5, 1, 4
2019-06-14, 3, 2, 1
2019-06-15, 4, 4, 0
2019-06-16, 1, 0, 1
2019-06-17, 2, 2, 0
2019-06-18, 1, 0, 1
2019-06-19, 2, 2, 0
2019-06-20, 8, 1, 7
2019-06-21, 11, 10, 1
2019-06-22, 1, 0, 1
2019-06-24, 5, 3, 2
2019-06-25, 9, 4, 5
2019-06-26, 2, 0, 2
2019-06-27, 9, 7, 2
2019-06-28, 8, 2, 6
2019-06-29, 11, 4, 7
2019-07-01, 3, 3, 0
2019-07-02, 7, 5, 2
2019-07-03, 6, 6, 0
2019-07-05, 4, 2, 2
2019-07-07, 1, 1, 0
2019-07-08, 6, 3, 3
2019-07-09, 4, 3, 1
2019-07-10, 5, 2, 3
2019-07-11, 2, 1, 1
2019-07-12, 11, 7, 4
2019-07-13, 5, 5, 0
2019-07-14, 1, 0, 1
2019-07-15, 5, 0, 5
2019-07-16, 8, 7, 1
2019-07-17, 7, 2, 5
2019-07-18, 2, 1, 1
2019-07-19, 2, 2, 0
2019-07-20, 3, 3, 0
2019-07-21, 3, 2, 1
2019-07-22, 2, 0, 2
2019-07-23, 6, 3, 3
2019-07-24, 4, 1, 3
2019-07-25, 12, 6, 6
2019-07-26, 11, 8, 3
2019-07-27, 1, 1, 0
2019-07-28, 2, 2, 0
2019-07-29, 7, 3, 4
2019-07-30, 6, 6, 0
2019-07-31, 3, 0, 3
2019-08-01, 6, 3, 3
2019-08-02, 12, 6, 6
2019-08-03, 6, 5, 1
2019-08-04, 3, 3, 0
2019-08-05, 10, 7, 3
2019-08-06, 11, 2, 9
2019-08-07, 5, 2, 3
2019-08-08, 6, 1, 5
2019-08-09, 9, 5, 4
2019-08-10, 1, 1, 0
2019-08-12, 2, 2, 0
2019-08-13, 4, 2, 2
2019-08-14, 10, 8, 2
2019-08-15, 8, 6, 2
2019-08-16, 2, 0, 2
2019-08-17, 3, 2, 1
2019-08-18, 3, 0, 3
2019-08-19, 6, 2, 4
2019-08-20, 17, 13, 4
2019-08-21, 3, 2, 1
2019-08-22, 7, 3, 4
2019-08-23, 13, 11, 2
2019-08-24, 4, 1, 3
2019-08-25, 7, 3, 4
2019-08-26, 11, 4, 7
2019-08-27, 5, 3, 2
2019-08-28, 7, 4, 3
2019-08-29, 7, 5, 2
2019-08-30, 8, 4, 4
2019-08-31, 3, 1, 2
2019-09-02, 3, 1, 2
2019-09-03, 6, 3, 3
2019-09-04, 19, 16, 3
2019-09-05, 12, 5, 7
2019-09-06, 8, 4, 4
2019-09-07, 1, 1, 0
2019-09-08, 10, 1, 9
2019-09-09, 15, 3, 12
2019-09-10, 6, 6, 0
2019-09-11, 18, 9, 9
2019-09-12, 8, 5, 3
2019-09-13, 14, 9, 5
2019-09-15, 8, 1, 7
2019-09-16, 7, 6, 1
2019-09-17, 5, 3, 2
2019-09-18, 12, 8, 4
2019-09-19, 5, 1, 4
2019-09-20, 8, 6, 2
2019-09-21, 1, 0, 1
2019-09-23, 8, 5, 3
2019-09-24, 10, 0, 10
2019-09-25, 1, 1, 0
2019-09-26, 12, 7, 5
2019-09-27, 10, 9, 1
2019-09-28, 1, 0, 1
2019-09-30, 5, 0, 5
2019-10-01, 7, 3, 4
2019-10-02, 3, 0, 3
2019-10-03, 1, 1, 0
2019-10-04, 9, 2, 7
2019-10-05, 3, 1, 2
2019-10-06, 6, 4, 2
2019-10-07, 5, 4, 1
2019-10-08, 5, 2, 3
2019-10-09, 4, 1, 3
2019-10-10, 1, 0, 1
2019-10-11, 24, 15, 9
2019-10-13, 3, 0, 3
2019-10-14, 6, 3, 3
2019-10-15, 12, 7, 5
2019-10-16, 12, 12, 0
2019-10-17, 3, 3, 0
2019-10-18, 12, 8, 4
2019-10-20, 1, 1, 0
2019-10-21, 5, 3, 2
2019-10-22, 4, 1, 3
2019-10-23, 7, 5, 2
2019-10-24, 6, 2, 4
2019-10-25, 5, 4, 1
2019-10-26, 2, 2, 0
2019-10-27, 8, 4, 4
2019-10-28, 16, 9, 7
2019-10-29, 11, 7, 4
2019-10-30, 16, 12, 4
2019-10-31, 2, 2, 0
2019-11-01, 10, 3, 7
2019-11-02, 2, 0, 2
2019-11-03, 1, 1, 0
2019-11-04, 18, 12, 6
2019-11-05, 5, 3, 2
2019-11-06, 9, 2, 7
2019-11-07, 9, 4, 5
2019-11-08, 5, 4, 1
